
[0,0,0,0,0,1,1,1,1,1,0,0,0,0,0,0], 
[0,0,0,0,0,1,0,0,0,0,0,0,0,0,0,0],
[0,0,0,0,0,1,0,0,0,0,0,0,0,0,0,0],
[0,0,0,0,0,1,0,0,0,0,0,0,0,0,0,0],
[0,0,0,0,0,1,0,0,0,0,0,0,0,0,0,0],
[0,0,0,0,0,1,0,0,0,0,0,0,0,0,0,0],
[0,0,0,0,0,1,0,0,0,0,0,0,0,0,0,0],
[0,0,0,0,0,1,0,0,0,0,0,0,0,0,0,0],
[0,0,0,0,0,0,1,0,0,0,0,0,0,0,0,0],
[0,0,0,0,0,0,0,1,1,1,1,0,0,0,0,0],
[0,0,0,0,0,0,0,0,0,0,0,1,0,0,0,0], 
[0,0,0,0,0,0,0,0,0,0,0,1,0,0,0,0],
[0,0,0,0,0,0,0,0,0,0,0,1,0,0,0,0], 
[0,0,0,0,0,0,0,0,0,0,0,1,0,0,0,0],
[0,0,0,0,0,0,0,0,0,0,1,0,0,0,0,0],
[0,0,0,0,0,1,1,1,1,1,0,0,0,0,0,0]];
Worked: Yes, 5
Score: 0.67
Second Closest:3 by 0.13 points
Images Checked: 1AV1, 2AV1, 3AV1, 4AV1, 5AV1
Algorithm: Basic

Dad's Three
[0,0,0,0,0,1,1,1,1,1,1,0,0,0,0,0], 
[0,0,0,0,0,1,0,0,0,0,1,0,0,0,0,0],
[0,0,0,0,0,1,0,0,0,0,1,0,0,0,0,0],
[0,0,0,0,0,0,0,0,0,0,1,0,0,0,0,0],
[0,0,0,0,0,0,0,0,0,0,1,0,0,0,0,0],
[0,0,0,0,0,0,0,0,0,0,1,0,0,0,0,0],
[0,0,0,0,0,0,0,0,0,0,1,0,0,0,0,0],
[0,0,0,0,0,1,1,1,1,1,1,0,0,0,0,0],
[0,0,0,0,0,0,0,0,0,0,1,0,0,0,0,0],
[0,0,0,0,0,0,0,0,0,0,1,0,0,0,0,0],
[0,0,0,0,0,0,0,0,0,0,1,0,0,0,0,0], 
[0,0,0,0,0,0,0,0,0,0,1,0,0,0,0,0],
[0,0,0,0,0,0,0,0,0,0,1,0,0,0,0,0], 
[0,0,0,0,0,1,0,0,0,0,1,0,0,0,0,0],
[0,0,0,0,0,1,0,0,0,0,1,0,0,0,0,0],
[0,0,0,0,0,1,1,1,1,1,1,0,0,0,0,0]];
Worked: Yes
Score: 0.67
Second Closest: 5 by 0.295 points
Images Checked: 1AV1, 2AV1, 3AV1, 4AV1, 5AV1
Algorithm: Basic

[0,0,0,0,0,0,0,1,1,1,0,0,0,0,0,0], 
[0,0,0,0,0,0,1,0,0,0,1,0,0,0,0,0],
[0,0,0,0,0,1,0,0,0,0,0,1,0,0,0,0],
[0,0,0,0,1,0,0,0,0,0,0,1,0,0,0,0],
[0,0,0,0,0,0,0,0,0,0,0,1,0,0,0,0],
[0,0,0,0,0,0,0,0,0,0,0,1,0,0,0,0],
[0,0,0,0,0,0,0,0,0,0,1,0,0,0,0,0],
[0,0,0,0,0,0,0,0,0,0,1,0,0,0,0,0],
[0,0,0,0,0,0,0,0,0,1,0,0,0,0,0,0],
[0,0,0,0,0,0,0,0,0,1,0,0,0,0,0,0],
[0,0,0,0,0,0,0,0,1,0,0,0,0,0,0,0], 
[0,0,0,0,0,0,0,1,0,0,0,0,0,0,0,0],
[0,0,0,0,0,0,1,0,0,0,0,0,0,0,0,0], 
[0,0,0,0,0,1,0,0,0,0,0,0,0,0,0,0],
[0,0,0,0,0,1,0,0,0,0,0,0,0,0,0,0],
[0,0,0,0,0,1,1,1,1,1,1,1,1,0,0,0]];
Worked: Yes
Score:0.34
Second Closest: 3 by 0.35 points
Images Checked: 1AV1, 2AV1, 3AV1, 4AV1, 5AV1
Algorithm: Basic

[0,0,0,0,0,0,0,0,0,0,0,0,0,0,0,0], 
[0,0,0,0,0,0,0,0,0,0,0,0,0,0,0,0],
[0,0,0,0,0,0,0,0,0,0,1,0,0,0,0,0],
[0,0,0,0,0,0,0,0,0,1,1,0,0,0,0,0],
[0,0,0,0,0,0,0,0,1,0,1,0,0,0,0,0],
[0,0,0,0,0,0,0,1,0,0,1,0,0,0,0,0],
[0,0,0,0,0,0,1,0,0,0,1,0,0,0,0,0],
[0,0,0,0,0,1,0,0,0,0,1,0,0,0,0,0],
[0,0,0,0,1,0,0,0,0,0,1,0,0,0,0,0],
[0,0,0,1,1,1,1,1,1,1,1,1,1,0,0,0],
[0,0,0,0,0,0,0,0,0,0,1,0,0,0,0,0], 
[0,0,0,0,0,0,0,0,0,0,1,0,0,0,0,0],
[0,0,0,0,0,0,0,0,0,0,1,0,0,0,0,0], 
[0,0,0,0,0,0,0,0,0,0,1,0,0,0,0,0],
[0,0,0,0,0,0,0,0,0,0,1,0,0,0,0,0],
[0,0,0,0,0,0,0,0,0,0,1,0,0,0,0,0]];
Worked:Yes
Score:1.11
Second Closest:3, by 0.31 points
Images Checked: 1AV1, 2AV1, 3AV1, 4AV1, 5AV1
Algorithm: Basic
Dad's offset 4
[0,0,0,0,0,0,0,0,1,0,0,0,0,0,0,1],
[0,0,0,0,0,0,0,0,1,0,0,0,0,0,0,1],
[0,0,0,0,0,0,0,0,1,0,0,0,0,0,0,1],
[0,0,0,0,0,0,0,0,1,0,0,0,0,0,0,1],
[0,0,0,0,0,0,0,0,1,0,0,0,0,0,0,1],
[0,0,0,0,0,0,0,0,1,0,0,0,0,0,0,1],
[0,0,0,0,0,0,0,0,1,0,0,0,0,0,0,1],
[0,0,0,0,0,0,0,0,1,0,0,0,0,0,0,1],
[0,0,0,0,0,0,0,0,1,1,1,1,1,1,1,1],
[0,0,0,0,0,0,0,0,0,0,0,0,0,0,0,1],
[0,0,0,0,0,0,0,0,0,0,0,0,0,0,0,1],
[0,0,0,0,0,0,0,0,0,0,0,0,0,0,0,1],
[0,0,0,0,0,0,0,0,0,0,0,0,0,0,0,1],
[0,0,0,0,0,0,0,0,0,0,0,0,0,0,0,1],
[0,0,0,0,0,0,0,0,0,0,0,0,0,0,0,1],
[0,0,0,0,0,0,0,0,0,0,0,0,0,0,0,1]];
Worked: NO:-( (should be 4)
Score:2.689(for 5)
Second Closest: 3 by 0.14 points (Miles's original guess)
Four Score: 2.935
Images Checked: 1AV1, 2AV1, 3AV1, 4AV1, 5AV1
Algorithm: Basic


Dad's Noise
[1,1,0,0,0,1,0,1,0,0,0,0,1,1,1,0],
[1,0,1,0,0,1,1,0,0,0,0,0,0,1,0,1],
[0,0,0,0,1,1,0,1,0,0,0,1,1,0,0,0],
[1,0,1,0,0,0,0,0,1,1,1,1,1,1,0,0],
[1,0,1,0,1,1,1,0,1,0,0,1,1,0,0,0],
[0,1,1,1,0,1,0,1,0,1,1,1,1,0,1,1],
[1,0,0,0,0,0,1,0,1,1,1,0,0,1,1,1],
[1,0,1,0,0,0,1,1,1,1,1,1,1,0,1,1],
[0,0,0,0,1,0,0,0,1,0,1,0,0,1,1,1],
[1,0,1,1,0,0,1,1,0,0,0,1,0,1,0,1],
[1,0,0,1,1,0,0,0,1,0,0,0,0,0,1,1],
[0,0,1,1,1,0,0,1,1,0,1,0,0,0,1,0],
[1,0,1,1,1,0,0,1,1,1,1,0,0,1,1,0],
[0,0,0,0,0,0,0,0,1,1,1,1,1,0,0,0],
[0,0,1,0,1,1,0,1,1,0,0,1,1,1,0,0],
[1,1,0,0,1,0,1,1,0,0,0,0,1,0,1,0]];
Worked (NaN, there was no number) but Miles guessed 5
Images Checked: [[1, 0], [2, 0], [3, 0], [4, 0], [5, 0]]
Scores: [3.303699709617569, 2.5994910879732482, 2.314871480126286, 2.4091248102333154, 2.0685699655603957]
The most suitable image for the inputted image is: [5, 0]
Images Checked: 1AV1, 2AV1, 3AV1, 4AV1, 5AV1
Algorithm: Basic

[0,0,0,0,0,0,0,1,0,0,0,0,0,0,0,0], 
[0,0,0,0,0,0,1,0,1,0,0,0,0,0,0,0],
[0,0,0,0,0,1,0,0,0,1,0,0,0,0,0,0],
[0,0,0,0,1,0,0,0,0,0,1,0,0,0,0,0],
[0,0,0,0,0,1,0,0,0,1,1,0,0,0,0,0],
[0,0,0,0,0,0,1,0,1,0,1,0,0,0,0,0],
[0,0,0,0,0,0,0,1,0,0,1,0,0,0,0,0],
[0,0,0,0,0,0,0,0,0,0,1,0,0,0,0,0],
[0,0,0,0,0,0,0,0,0,0,1,0,0,0,0,0],
[0,0,0,0,0,0,0,0,0,0,1,0,0,0,0,0],
[0,0,0,0,0,0,0,0,0,0,1,0,0,0,0,0], 
[0,0,0,0,0,0,0,0,0,0,1,0,0,0,0,0],
[0,0,0,0,0,0,0,0,0,0,1,0,0,0,0,0], 
[0,0,0,0,0,0,0,0,0,0,1,0,0,0,0,0],
[0,0,0,0,0,0,0,0,0,0,1,0,0,0,0,0],
[0,0,0,0,0,0,0,0,0,0,1,0,0,0,0,0]];
Worked: NO:( Should be 9, it said 8, a good fix would be to double-side the algorithm... will do that later
Scores: [0.7872050927913405, 1.308925565098879, 1.3034155270656214, 1.0195588937305686, 1.375, 1.4439241022085436, 1.1517077635328106, 1.5094488651005982, 0.558925565098879, 0.8776872959269159]
Images Checked: 0AV1, 1AV1, 2AV1, 3AV1, 4AV1, 5AV2, 6AV1, 7AV1, 8AV1, 9AV1
Algorithm: Basic

[0,0,0,0,0,0,0,1,0,0,0,0,0,0,0,0], 
[0,0,0,0,0,0,1,0,1,0,0,0,0,0,0,0],
[0,0,0,0,0,1,0,0,0,1,0,0,0,0,0,0],
[0,0,0,0,1,0,0,0,0,0,1,0,0,0,0,0],
[0,0,0,0,0,1,0,0,0,1,1,0,0,0,0,0],
[0,0,0,0,0,0,1,0,1,0,1,0,0,0,0,0],
[0,0,0,0,0,0,0,1,0,0,1,0,0,0,0,0],
[0,0,0,0,0,0,0,0,0,0,1,0,0,0,0,0],
[0,0,0,0,0,0,0,0,0,0,1,0,0,0,0,0],
[0,0,0,0,0,0,0,0,0,0,1,0,0,0,0,0],
[0,0,0,0,0,0,0,0,0,0,1,0,0,0,0,0], 
[0,0,0,0,0,0,0,0,0,0,1,0,0,0,0,0],
[0,0,0,0,0,0,0,0,0,0,1,0,0,0,0,0], 
[0,0,0,0,0,0,0,0,0,0,1,0,0,0,0,0],
[0,0,0,0,0,0,0,0,0,0,1,0,0,0,0,0],
[0,0,0,0,0,0,0,0,0,0,1,0,0,0,0,0]];
Worked: Yes Should be 9, it said 9 on benchmark-side, 8 on input-side, 9 on average
Scores: benchmark[1.6977156446000734, 1.3403663967280952, 1.624716949504588, 1.4015228816828316, 1.4605724273168068, 1.8388677139565883, 2.3650018224797655, 1.5132725318432587, 1.6137043727722686, 0.9654038195935054]
Images Checked: 0AV1, 1AV1, 2AV1, 3AV1, 4AV1, 5AV2, 6AV1, 7AV1, 8AV1, 9AV1
Algorithm: Double-Sided

[0,0,0,0,0,0,0,0,0,0,0,0,0,0,0,0], 
[0,0,0,0,0,0,0,0,0,0,0,0,0,0,0,0],
[0,0,0,0,0,1,0,0,0,1,0,0,0,0,0,0],
[0,0,0,0,0,1,0,0,0,1,0,0,0,0,0,0],
[0,0,0,0,0,1,0,0,0,1,0,0,0,0,0,0],
[0,0,0,0,0,1,0,0,0,1,0,0,0,0,0,0],
[0,0,0,0,0,1,0,0,0,1,0,0,0,0,0,0],
[0,0,0,0,0,1,1,1,1,1,0,0,0,0,0,0],
[0,0,0,0,0,0,0,0,0,1,0,0,0,0,0,0],
[0,0,0,0,0,0,0,0,0,1,0,0,0,0,0,0],
[0,0,0,0,0,0,0,0,0,1,0,0,0,0,0,0], 
[0,0,0,0,0,0,0,0,0,1,0,0,0,0,0,0],
[0,0,0,0,0,0,0,0,0,1,0,0,0,0,0,0], 
[0,0,0,0,0,0,0,0,0,0,0,0,0,0,0,0],
[0,0,0,0,0,0,0,0,0,0,0,0,0,0,0,0],
[0,0,0,0,0,0,0,0,0,0,0,0,0,0,0,0]];
Worked: No, input-side:8, benchmark-side:7, agree:8
Images Checked: 0AV1, 1AV1, 2AV1, 3AV1, 4AV1, 5AV2, 6AV1, 7AV1, 8AV1, 9AV1
Scores: input[1.3414213562373096, 1.3, 1.857766387597427, 1.5185815445805626, 1.35, 1.3424095981291637, 1.3185815445805624, 1.011338638120718, 0.6414213562373096, 1.012132034355964]
Scores: benchmark[1.8813114769921078, 1.6833022195558731, 2.2861172969618675, 2.0888478373769206, 1.6709366639419974, 2.074351196948154, 2.3357759794311312, 1.41733521784195, 1.7227801303790802, 1.4550927688969417]
Algorithm: Double-Sided

[[0, 0, 0, 0, 0, 0, 0, 0, 0, 0, 0, 0, 0, 0, 0, 0],
 [0, 0, 0, 0, 0, 0, 0, 0, 1, 0, 0, 0, 0, 0, 0, 0],
 [0, 0, 0, 0, 0, 0, 0, 1, 1, 0, 0, 0, 0, 0, 0, 0],
 [0, 0, 0, 0, 0, 0, 0, 1, 1, 0, 0, 0, 0, 0, 0, 0],
 [0, 0, 0, 0, 0, 0, 1, 1, 1, 0, 0, 0, 0, 0, 0, 0],
 [0, 0, 0, 0, 0, 1, 1, 1, 1, 0, 0, 0, 0, 0, 0, 0],
 [0, 0, 0, 0, 0, 1, 0, 1, 1, 0, 0, 0, 0, 0, 0, 0],
 [0, 0, 0, 0, 0, 0, 0, 1, 1, 0, 0, 0, 0, 0, 0, 0],
 [0, 0, 0, 0, 0, 0, 0, 1, 1, 0, 0, 0, 0, 0, 0, 0],
 [0, 0, 0, 0, 0, 0, 0, 1, 1, 0, 0, 0, 0, 0, 0, 0],
 [0, 0, 0, 0, 0, 0, 0, 1, 1, 0, 0, 0, 0, 0, 0, 0],
 [0, 0, 0, 0, 0, 0, 0, 1, 1, 0, 0, 0, 0, 0, 0, 0],
 [0, 0, 0, 0, 0, 0, 0, 1, 1, 0, 0, 0, 0, 0, 0, 0],
 [0, 0, 0, 0, 0, 0, 0, 1, 1, 0, 1, 1, 1, 1, 0, 0],
 [0, 0, 1, 1, 1, 1, 1, 1, 1, 1, 1, 1, 1, 1, 1, 0],
 [0, 0, 1, 1, 1, 0, 0, 1, 1, 0, 0, 0, 0, 1, 1, 1]]

Note: THIS WAS FROM A PICTURE I TOOK OF HANDWRITING!!!!!
Worked: YES!, input-side:6, benchmark-side:1, agree:1
Images Checked: 0AV1, 1AV1, 2AV1, 3AV1, 4AV1, 5AV2, 6AV1, 7AV1, 8AV1, 9AV1
Scores: input[1.7870096407201232, 1.90147492379022, 2.0820059215029203, 1.7292909829426473, 2.358473509335952, 1.7092449165095802, 1.4110827774613617, 1.8878862737642321, 1.4702740353333874, 1.8476086454084055]
Scores: benchmark[1.7128557607758068, 0.9092388113807561, 1.6120158677775505, 1.375683061244484, 2.0577699440550017, 1.4634170716273678, 1.478800503576642, 1.2838674800041647, 1.420509454662673, 1.6790853375727588]
Algorithm: AskOpenFile

[[0, 0, 0, 0, 0, 0, 0, 0, 0, 0, 0, 0, 0, 0, 0, 0],
 [0, 0, 0, 0, 0, 0, 0, 0, 0, 0, 0, 0, 0, 0, 0, 0],
 [0, 0, 0, 0, 0, 0, 1, 0, 0, 0, 0, 1, 1, 0, 0, 0],
 [0, 0, 0, 0, 0, 0, 0, 0, 0, 0, 0, 0, 0, 0, 0, 0],
 [0, 0, 0, 0, 0, 0, 0, 0, 0, 0, 0, 0, 0, 0, 0, 0],
 [0, 0, 0, 0, 0, 0, 0, 0, 0, 0, 0, 0, 0, 0, 0, 0],
 [0, 0, 0, 0, 0, 0, 0, 0, 0, 0, 0, 0, 0, 0, 0, 0],
 [0, 0, 0, 0, 0, 0, 0, 0, 0, 0, 0, 0, 0, 0, 0, 0],
 [0, 0, 0, 0, 0, 0, 0, 0, 1, 1, 1, 1, 0, 0, 0, 0],
 [0, 0, 0, 0, 0, 0, 0, 0, 0, 0, 0, 1, 0, 0, 0, 0],
 [0, 0, 0, 0, 0, 0, 0, 0, 0, 0, 0, 0, 1, 0, 0, 0],
 [0, 0, 0, 0, 0, 0, 0, 0, 0, 0, 0, 0, 1, 1, 0, 1],
 [1, 0, 0, 0, 0, 0, 1, 0, 0, 0, 0, 0, 1, 1, 1, 1],
 [1, 1, 1, 1, 1, 1, 1, 1, 1, 0, 0, 1, 1, 1, 1, 1],
 [1, 1, 1, 0, 1, 1, 1, 1, 1, 1, 1, 1, 1, 1, 1, 1],
 [1, 1, 1, 1, 1, 1, 1, 0, 0, 1, 1, 1, 1, 1, 1, 1]]
Images Checked: 0AV1, 1AV1, 2AV1, 3AV1, 4AV1, 5AV2, 6AV1, 7AV1, 8AV1, 9AV1
A badly interpreted picture of a three. Askopenfile cropping and thresholding clearly didn't do great. Both algorithms said it was a four
Algorithm:Askopenfile

[[0, 0, 0, 0, 0, 0, 0, 0, 0, 0, 0, 0, 0, 0, 0, 0],
 [0, 0, 0, 0, 0, 0, 0, 0, 0, 0, 0, 0, 0, 0, 0, 0],
 [0, 0, 0, 0, 0, 0, 0, 0, 1, 1, 1, 0, 0, 0, 0, 0],
 [0, 0, 0, 0, 0, 0, 1, 1, 1, 1, 1, 0, 0, 0, 0, 0],
 [0, 0, 0, 0, 0, 1, 1, 1, 0, 1, 1, 0, 0, 0, 0, 0],
 [0, 0, 0, 0, 0, 1, 1, 0, 0, 1, 1, 0, 0, 0, 0, 0],
 [0, 0, 0, 0, 1, 1, 0, 0, 0, 1, 1, 0, 0, 0, 0, 0],
 [0, 0, 0, 0, 0, 1, 1, 0, 1, 1, 1, 0, 0, 0, 0, 0],
 [0, 0, 0, 0, 0, 1, 1, 1, 1, 1, 1, 0, 0, 0, 0, 0],
 [0, 0, 0, 0, 0, 1, 1, 1, 1, 1, 1, 0, 0, 0, 0, 0],
 [0, 0, 0, 0, 0, 0, 0, 0, 0, 1, 1, 0, 0, 0, 0, 0],
 [0, 0, 0, 0, 0, 0, 0, 0, 0, 1, 1, 0, 0, 0, 0, 0],
 [0, 0, 0, 0, 0, 0, 0, 0, 0, 1, 1, 0, 0, 0, 0, 0],
 [0, 0, 0, 0, 0, 0, 0, 0, 0, 1, 1, 0, 0, 0, 0, 0],
 [0, 0, 0, 0, 0, 0, 0, 0, 0, 1, 0, 0, 0, 0, 0, 0],
 [0, 0, 0, 0, 0, 0, 0, 0, 0, 1, 0, 0, 0, 0, 0, 0]]

Note: THIS WAS FROM A PICTURE REID TOOK OF HANDWRITING!!!!!
Worked: YES!, input-side:9, benchmark-side:9, agree:9
Images Checked: 0AV1, 1AV1, 2AV1, 3AV1, 4AV1, 5AV2, 6AV1, 7AV1, 8AV1, 9AV1
Scores: input[1.4415927296910909, 1.5462334183587976, 1.7907198336617072, 1.239725777099075, 1.338442588349454, 1.5752101895427988, 1.6197274853186105, 1.2500430508842568, 1.112331052760137, 0.9070511717414279]
Scores: benchmark[1.280349137141227, 1.1576445035883935, 1.8133440599096056, 1.4630110898482875, 1.0882159597721777, 1.6653185366888894, 1.6353381045936646, 1.0061474393231882, 1.2298286777591827, 0.7416352493185643]
Algorithm: AskOpenFile

[[1, 0, 0, 0, 0, 0, 0, 0, 0, 0, 0, 0, 0, 0, 0, 0],
 [0, 0, 0, 0, 0, 0, 0, 0, 0, 0, 0, 0, 0, 0, 0, 0],
 [0, 0, 0, 0, 0, 1, 1, 0, 0, 0, 0, 0, 0, 0, 0, 0],
 [1, 0, 0, 0, 1, 0, 1, 1, 1, 0, 0, 0, 0, 0, 0, 0],
 [1, 0, 0, 0, 1, 0, 0, 0, 1, 0, 0, 0, 0, 0, 0, 0],
 [0, 0, 0, 0, 1, 1, 0, 0, 0, 0, 0, 0, 0, 0, 0, 0],
 [1, 1, 0, 0, 1, 1, 0, 0, 0, 0, 0, 0, 0, 0, 0, 0],
 [1, 0, 0, 0, 0, 1, 1, 0, 0, 0, 0, 0, 0, 0, 0, 0],
 [1, 0, 0, 0, 0, 0, 1, 1, 1, 0, 0, 0, 0, 0, 0, 0],
 [1, 1, 0, 0, 0, 0, 0, 1, 1, 1, 0, 0, 0, 0, 0, 0],
 [1, 0, 0, 0, 0, 0, 0, 0, 1, 1, 1, 0, 0, 0, 0, 0],
 [0, 0, 0, 0, 1, 1, 0, 0, 0, 1, 1, 0, 0, 0, 0, 0],
 [0, 0, 0, 0, 1, 1, 0, 0, 0, 0, 1, 0, 0, 0, 0, 0],
 [0, 0, 0, 0, 1, 1, 1, 0, 0, 1, 1, 0, 0, 0, 0, 0],
 [0, 0, 0, 0, 0, 1, 1, 1, 1, 1, 0, 0, 0, 0, 0, 0],
 [0, 0, 0, 0, 0, 0, 0, 1, 1, 0, 0, 0, 0, 0, 0, 0]]
AskForFile: A "dirty" 5 threshold. Too much tolerance:default of 127. Interpreted as a 9

[[0, 0, 0, 0, 0, 0, 0, 0, 0, 0, 0, 0, 0, 0, 0, 0],
 [0, 0, 0, 0, 0, 0, 0, 0, 0, 0, 0, 0, 0, 0, 0, 0],
 [0, 0, 0, 0, 0, 0, 1, 0, 0, 0, 0, 0, 0, 0, 0, 0],
 [0, 0, 0, 0, 0, 0, 0, 1, 0, 0, 0, 0, 0, 0, 0, 0],
 [0, 0, 0, 0, 1, 0, 0, 0, 0, 0, 0, 0, 0, 0, 0, 0],
 [0, 0, 0, 0, 0, 0, 0, 0, 0, 0, 0, 0, 0, 0, 0, 0],
 [0, 0, 0, 0, 0, 1, 0, 0, 0, 0, 0, 0, 0, 0, 0, 0],
 [0, 0, 0, 0, 0, 1, 0, 0, 0, 0, 0, 0, 0, 0, 0, 0],
 [0, 0, 0, 0, 0, 0, 1, 1, 0, 0, 0, 0, 0, 0, 0, 0],
 [0, 0, 0, 0, 0, 0, 0, 0, 1, 0, 0, 0, 0, 0, 0, 0],
 [0, 0, 0, 0, 0, 0, 0, 0, 0, 1, 0, 0, 0, 0, 0, 0],
 [0, 0, 0, 0, 0, 0, 0, 0, 0, 0, 1, 0, 0, 0, 0, 0],
 [0, 0, 0, 0, 1, 1, 0, 0, 0, 0, 1, 0, 0, 0, 0, 0],
 [0, 0, 0, 0, 0, 1, 0, 0, 0, 0, 0, 0, 0, 0, 0, 0],
 [0, 0, 0, 0, 0, 0, 1, 1, 1, 0, 0, 0, 0, 0, 0, 0],
 [0, 0, 0, 0, 0, 0, 0, 0, 0, 0, 0, 0, 0, 0, 0, 0]]
AskForFile: A much b4etter threshold. Tolerance of 85. But interpreted as 8 or 1; That's just the algorithm's fault.

([4.001, 6.668, 9.335, 12.001, 1.335, 12.001, -1.332, 12.001, 9.335, 12.001, 6.668, 4.001, 4.001, 6.668, 9.335, 12.001],[0.001, 0.001, 0.001, 0.001, 2.668, 2.668, 5.335, 5.335, 8.001, 8.001, 10.668, 13.335, 16.001, 16.001, 16.001, 16.001])

Note: This is a scaled image in the pixel format. I drew the 2 by hand. It worked!! BUT this is scaled to 16, not 15 like it should be. Still, somehow it worked
Worked: YES!, input-side:2, benchmark-side:2, agree:2
Images Checked: 0AV1, 1AV1, 2AV1, 3AV1, 4AV1, 5AV2, 6AV1, 7AV1, 8AV1, 9AV1
Scores: input[2.062218428641404, 2.777300186705043, 1.912415567814203, 2.128190176025939, 2.4684416822954036, 1.9151197005439737, 2.135746978065998, 2.383373891841346, 2.157141742643513, 2.640100280171523]
Scores: benchmark[2.2219730008204386, 1.878042350879688, 1.3731137745729673, 1.6903980057144623, 2.2392420652726184, 1.9215832331093126, 2.497109639629955, 1.7464698965263648, 2.177978910166556, 2.170016498817658]
Algorithm: NIPScaleImage Beta 0.1
